mean_fit_time,std_fit_time,mean_score_time,std_score_time,param_max_depth,param_max_features,param_min_samples_leaf,params,split0_test_MAE,split1_test_MAE,split2_test_MAE,split3_test_MAE,split4_test_MAE,mean_test_MAE,std_test_MAE,rank_test_MAE,split0_test_RMSE,split1_test_RMSE,split2_test_RMSE,split3_test_RMSE,split4_test_RMSE,mean_test_RMSE,std_test_RMSE,rank_test_RMSE,split0_test_overestimation_rate,split1_test_overestimation_rate,split2_test_overestimation_rate,split3_test_overestimation_rate,split4_test_overestimation_rate,mean_test_overestimation_rate,std_test_overestimation_rate,rank_test_overestimation_rate,split0_test_mean_signed_error,split1_test_mean_signed_error,split2_test_mean_signed_error,split3_test_mean_signed_error,split4_test_mean_signed_error,mean_test_mean_signed_error,std_test_mean_signed_error,rank_test_mean_signed_error,split0_test_mean_overestimation,split1_test_mean_overestimation,split2_test_mean_overestimation,split3_test_mean_overestimation,split4_test_mean_overestimation,mean_test_mean_overestimation,std_test_mean_overestimation,rank_test_mean_overestimation,MAE,RMSE,overestimation_rate,mean_overestimation,mean_signed_error
64.41087017059326,0.9331146121884247,0.2762156009674072,0.00482164139561628,14,0.7,2,"{'max_depth': 14, 'max_features': 0.7, 'min_samples_leaf': 2}",-9.665047091039478,-10.057900262350092,-10.237598949034256,-9.941299602537757,-9.74791249372329,-9.929951679736977,0.20710343493442462,7,-13.951612502277284,-15.197159967339543,-14.985822483764368,-13.965767730197825,-14.179786943143604,-14.456029925344524,0.5293501744599116,6,-0.4053156146179402,-0.37329700272479566,-0.4199395770392749,-0.3766194636938837,-0.4125979505726341,-0.3975539217297057,0.019049062427433712,36,0.8139850324971619,-0.7405559149163435,1.3328870917498723,-0.9861315398323797,0.47679872881203755,0.1793966796620697,0.8973805540438794,3,-12.927002742559543,-12.479800640540825,-13.776370070142253,-11.888881120047657,-12.390647127966474,-12.69254034025135,0.634338290688262,23,9.929951679736977,14.456029925344524,0.3975539217297057,12.69254034025135,0.1793966796620697
60.96053781509399,0.9870086060827247,0.26565041542053225,0.024620226043281093,14,0.7,4,"{'max_depth': 14, 'max_features': 0.7, 'min_samples_leaf': 4}",-9.661168871293711,-10.06251535836404,-10.229435945700246,-9.941538029781642,-9.757038687766055,-9.930339378581138,0.20471470260490393,9,-13.95320939851342,-15.242399630939582,-14.997289914630368,-13.975471359712621,-14.21777175665486,-14.47722841209017,0.5384468001260841,16,-0.4050135910601027,-0.37117771722676357,-0.4205438066465257,-0.3772220548357939,-0.41350210970464135,-0.39749185589476543,0.01973624021552642,35,0.8028381971307187,-0.7594024427576858,1.302161734819352,-1.0390249337123572,0.49501200129582007,0.1603169113551696,0.9069695208149766,5,-12.918093737342762,-12.531884975631236,-13.71034063308903,-11.800096232369786,-12.396612312794206,-12.671405578245404,0.6315692217838238,17,9.930339378581138,14.47722841209017,0.39749185589476543,12.671405578245404,0.1603169113551696
58.88748121261597,0.8584658122858778,0.23772988319396973,0.0030188353571998375,14,0.7,6,"{'max_depth': 14, 'max_features': 0.7, 'min_samples_leaf': 6}",-9.655883866070521,-10.116913058650754,-10.26278821925084,-9.945200827985085,-9.74590271800785,-9.945337737993011,0.22528683433409402,25,-13.944574881843172,-15.262361059258728,-15.003832835061663,-13.9786111117006,-14.172746055965156,-14.472425188765863,0.5511222437708976,11,-0.4050135910601027,-0.36754465637299427,-0.4199395770392749,-0.3724013257005122,-0.4110910186859554,-0.3951980337717679,0.02119186295758895,17,0.7892525082344183,-0.8509031148191765,1.250574606092459,-1.0863496781811568,0.4259329210987416,0.10570144848505711,0.9183248851542051,12,-12.894797365892488,-12.605284532321123,-13.708356457513068,-11.894226119012638,-12.371756103576125,-12.694884115663088,0.6034210007022963,27,9.945337737993011,14.472425188765863,0.3951980337717679,12.694884115663088,0.10570144848505711
76.2917266368866,1.0784463015146963,0.29385976791381835,0.03881335667759207,14,0.85,2,"{'max_depth': 14, 'max_features': 0.85, 'min_samples_leaf': 2}",-9.660001814440836,-10.04969896728451,-10.21644391281959,-9.932793628943974,-9.780622694368867,-9.927912203571555,0.1957429781607894,4,-13.966995474951876,-15.231930368125665,-15.005631044899475,-13.982378842611329,-14.244218748398474,-14.486230895797366,0.5306385608240319,19,-0.4044095439444277,-0.3693611867998789,-0.4163141993957704,-0.37902982826152454,-0.4132007233273056,-0.3964630963457815,0.01884565104125518,31,0.8145628715260238,-0.7093140749259171,1.2467570111602717,-0.9392771167051145,0.5019440160781509,0.18293454142668292,0.8588255047961265,2,-12.95044199971481,-12.643971844041163,-13.76748732161587,-11.863863793370736,-12.442580724020136,-12.733669136552544,0.6269146540308864,33,9.927912203571555,14.486230895797366,0.3964630963457815,12.733669136552544,0.18293454142668292
71.5392463684082,1.5290110921771758,0.24788899421691896,0.009949418048331554,14,0.85,4,"{'max_depth': 14, 'max_features': 0.85, 'min_samples_leaf': 4}",-9.646042325028326,-10.031223123311882,-10.218022818847855,-9.904828870210322,-9.780724059496855,-9.916168239379049,0.19788659895202937,1,-13.970673753490702,-15.258668350846031,-15.01849782810022,-13.971025157517486,-14.264028364954916,-14.496578690981872,0.5403780915825449,22,-0.40712775596496525,-0.36845292158643655,-0.41812688821752264,-0.3769207592648388,-0.41078963230861965,-0.3962835914684765,0.019771778849557324,28,0.8326492540920963,-0.7824075803664552,1.2523617709586077,-0.978016330904837,0.47596933799881896,0.16011129035564617,0.8864266506878546,6,-12.869045926731348,-12.550878281983872,-13.716391976972325,-11.84176291684848,-12.484119109644405,-12.692439642436087,0.6110247323418151,22,9.916168239379049,14.496578690981872,0.3962835914684765,12.692439642436087,0.16011129035564617
68.4629255771637,1.2999631149845472,0.24102039337158204,0.01082181339868862,14,0.85,6,"{'max_depth': 14, 'max_features': 0.85, 'min_samples_leaf': 6}",-9.661448551468736,-10.07108206626586,-10.266274993713655,-9.941040080316224,-9.789324989628376,-9.94583413627857,0.21154793493920332,26,-13.966682922717823,-15.274451072649832,-15.052709944169576,-14.004514806192871,-14.252231897018438,-14.51011812854971,0.5470050417946152,24,-0.4083358501963153,-0.371480472297911,-0.41570996978851965,-0.377523350406749,-0.41199517781796263,-0.3970089641014915,0.01862259701917718,33,0.8172890152991795,-0.7783362620543142,1.2241040110162904,-1.0183148473082317,0.4087488843625563,0.13069816026309608,0.8821371814382145,7,-12.831028137414412,-12.50771776337031,-13.820186956997135,-11.8174481437963,-12.376448103109698,-12.670565820937572,0.6615453732479157,14,9.94583413627857,14.51011812854971,0.3970089641014915,12.670565820937572,0.13069816026309608
92.1445107460022,2.4445837341755396,0.270628023147583,0.008010897272189548,14,1.0,2,"{'max_depth': 14, 'max_features': 1.0, 'min_samples_leaf': 2}",-9.677556140049928,-10.01126806705802,-10.2567700644915,-9.895387823804327,-9.851456652621547,-9.938487749605065,0.19189472472647007,20,-14.01205426280095,-15.214380023168584,-15.052182418904476,-13.986866967341625,-14.342127053797492,-14.521522145202628,0.517542007256898,29,-0.40682573240712777,-0.36905843172873143,-0.4163141993957704,-0.3769207592648388,-0.41078963230861965,-0.39598175102101757,0.019175297994479833,25,0.8646637938979388,-0.7118739017090973,1.2461441465376295,-0.8764391507887785,0.5162191196271769,0.20774280151297386,0.8516014994073491,1,-12.956677877246246,-12.598810060765992,-13.815183613391296,-11.963985070239252,-12.619203306060626,-12.790771985540683,0.6044511136284806,36,9.938487749605065,14.521522145202628,0.39598175102101757,12.790771985540683,0.20774280151297386
92.10750370025634,1.9775333351248248,0.24556503295898438,0.005779675778830672,14,1.0,4,"{'max_depth': 14, 'max_features': 1.0, 'min_samples_leaf': 4}",-9.662400024147479,-10.00785746353637,-10.237113343260615,-9.912228277111298,-9.839656636587211,-9.931851148928596,0.18997408296854004,15,-14.000029787390512,-15.227976968815499,-15.04870543447566,-13.996141666551882,-14.337930975979347,-14.52215696664258,0.5212836593110938,30,-0.4050135910601027,-0.36845292158643655,-0.4151057401812689,-0.3769207592648388,-0.40807715491259794,-0.39471403340104894,0.018475509238670328,12,0.8526635401418505,-0.751665689862034,1.213980318977071,-0.9411959807990528,0.4536096306895953,0.16547836382948602,0.8626100815217609,4,-12.981124333095439,-12.560888014973841,-13.792983996363443,-11.900422138873036,-12.611911918325125,-12.769466080326179,0.6190240117961484,35,9.931851148928596,14.52215696664258,0.39471403340104894,12.769466080326179,0.16547836382948602
85.47739911079407,0.5100515023145423,0.23159351348876953,0.004822967815130177,14,1.0,6,"{'max_depth': 14, 'max_features': 1.0, 'min_samples_leaf': 6}",-9.695482990683693,-10.03360516205411,-10.26271469363295,-9.944655043442856,-9.847810623882644,-9.95685370273925,0.18962889110735331,31,-14.03436031247694,-15.261139902760263,-15.06824846816242,-14.047571125542817,-14.34762513938747,-14.551788989665983,0.5164416867518691,36,-0.4050135910601027,-0.3693611867998789,-0.4148036253776435,-0.37902982826152454,-0.40687160940325495,-0.3950159681804809,0.017582858394434228,15,0.8082684834420372,-0.7823022391700022,1.2012114509129264,-1.0031549020183284,0.40989863461489523,0.12678428555630564,0.8720285611518548,8,-12.967159258325985,-12.52338260421566,-13.818498011087708,-11.795246013270274,-12.60558493322031,-12.74197416402399,0.6591343419547907,34,9.95685370273925,14.551788989665983,0.3950159681804809,12.74197416402399,0.12678428555630564
72.95817446708679,3.0764237736010513,0.30466384887695314,0.006885869817189437,18,0.7,2,"{'max_depth': 18, 'max_features': 0.7, 'min_samples_leaf': 2}",-9.649294564823759,-10.06372436381551,-10.222119504035769,-9.947960887821022,-9.773382694369074,-9.931296402973027,0.203398486751754,12,-13.928438180215824,-15.200326377094056,-14.962826445206794,-13.975435026236328,-14.196553514117957,-14.452715908574191,0.5267670304139135,3,-0.40380549682875266,-0.36845292158643655,-0.4163141993957704,-0.3796324194034348,-0.4138034960819771,-0.3964017066592743,0.019060374251747024,30,0.7476928004495619,-0.7969194633754703,1.2274122603539592,-1.059305198320032,0.4238744729844343,0.10855097441849067,0.8880930709804717,10,-12.873756606738956,-12.575290298337489,-13.75107044271771,-11.7069239021642,-12.321376285971938,-12.645683507186058,0.6730969602647361,12,9.931296402973027,14.452715908574191,0.3964017066592743,12.645683507186058,0.10855097441849067
62.925137186050414,1.3925480748764627,0.2665292263031006,0.006715907646662292,18,0.7,4,"{'max_depth': 18, 'max_features': 0.7, 'min_samples_leaf': 4}",-9.654283284048677,-10.060644846457567,-10.207222148433164,-9.94653388123412,-9.77173850088537,-9.92808453221178,0.1976064923980174,5,-13.946576146101302,-15.201126138094693,-14.937324319473785,-13.997776968738908,-14.184568233739503,-14.453474361229635,0.5157538911083892,4,-0.40682573240712777,-0.37026945201332123,-0.41842900302114805,-0.3757155769810184,-0.41470765521398434,-0.39718948392731995,0.020182554739773297,34,0.7548271910285199,-0.8073128658418018,1.196614175828058,-1.1097755446944235,0.3949117073472004,0.0858529327335106,0.8948862523661131,15,-12.79308269598389,-12.495402915770185,-13.626966871229111,-11.75990413752015,-12.257610970536218,-12.586593518207911,0.6204796642924892,2,9.92808453221178,14.453474361229635,0.39718948392731995,12.586593518207911,0.0858529327335106
60.56867241859436,2.098013831017803,0.25330386161804197,0.01750138314993092,18,0.7,6,"{'max_depth': 18, 'max_features': 0.7, 'min_samples_leaf': 6}",-9.655606190294392,-10.09024205555909,-10.235982060801232,-9.96797919085205,-9.758790086534535,-9.941719916808259,0.21197309822871124,24,-13.934980890320794,-15.227474891101705,-14.988366760042526,-13.995414513835758,-14.211845505417523,-14.471616512143664,0.5330252934864886,10,-0.40652370884929023,-0.36815016651528915,-0.41812688821752264,-0.37119614341669177,-0.4125979505726341,-0.3953189715142856,0.02128081352245092,19,0.7514124103491836,-0.852249013125014,1.241703281216813,-1.1612881229991707,0.39192119001844633,0.0742999490920516,0.9281557995307613,24,-12.800014333852484,-12.54650124143082,-13.72512228398834,-11.86258427524501,-12.300971517751202,-12.647038730453572,0.6214345948433448,13,9.941719916808259,14.471616512143664,0.3953189715142856,12.647038730453572,0.0742999490920516
84.63611030578613,1.7443314495674442,0.30711588859558103,0.00739157136333879,18,0.85,2,"{'max_depth': 18, 'max_features': 0.85, 'min_samples_leaf': 2}",-9.664074476329034,-10.024614077573174,-10.224954186773562,-9.951924883145265,-9.786252882178868,-9.93036410119998,0.19380890157283812,10,-13.950949782073762,-15.205437961768848,-14.98457191137053,-14.010943754173304,-14.213264563963941,-14.473033594670076,0.5199357813764169,13,-0.4035034732709151,-0.368755676657584,-0.41661631419939577,-0.3757155769810184,-0.41139240506329117,-0.39519668923444085,0.01933258951406544,16,0.7534124233655396,-0.7808088373715243,1.2049482366709,-1.0178719195673998,0.4253879317807384,0.11701356697565075,0.8692238188317217,9,-12.908794582667943,-12.533780257958151,-13.717540616969247,-11.889383234208074,-12.411071143120134,-12.69211396698471,0.6077633693001532,21,9.93036410119998,14.473033594670076,0.39519668923444085,12.69211396698471,0.11701356697565075
79.3291202545166,2.5315115729499094,0.29081339836120607,0.024880316695320807,18,0.85,4,"{'max_depth': 18, 'max_features': 0.85, 'min_samples_leaf': 4}",-9.624421078510425,-10.021540976085875,-10.217924884933574,-9.934261113612001,-9.793871266904835,-9.918403864009342,0.20126390840845665,2,-13.92978381905619,-15.224908338916983,-14.996112095885008,-13.961945562513982,-14.270481774089104,-14.476646318092254,0.5359514951850358,14,-0.40320144971307764,-0.3672419013018468,-0.4169184290030212,-0.37601687255197347,-0.4089813140446052,-0.3944719933229049,0.019352703509120592,10,0.7537499669346974,-0.8065524835109809,1.1952792625923545,-1.0554927225607342,0.3840613246804167,0.09420906962715069,0.8791529652328988,13,-12.869709487441499,-12.546210631069613,-13.687574539243052,-11.806343064863444,-12.443028864730977,-12.670573317469717,0.6145051968112574,15,9.918403864009342,14.476646318092254,0.3944719933229049,12.670573317469717,0.09420906962715069
76.24760599136353,2.204114855657193,0.269411039352417,0.03387048903775838,18,0.85,6,"{'max_depth': 18, 'max_features': 0.85, 'min_samples_leaf': 6}",-9.671577313384633,-10.051963031892875,-10.255402744078976,-9.960388465530327,-9.767366432399399,-9.941339597457242,0.20701421002214318,23,-13.969904716955323,-15.253983861013278,-15.027205289420548,-14.021938028596045,-14.214444251953243,-14.497495229587688,0.5361887826761761,23,-0.4013893083660526,-0.3657281259461096,-0.4178247734138973,-0.37842723711961435,-0.4110910186859554,-0.39489209270632586,0.019759328355691635,14,0.73398652491753,-0.8214462019563142,1.2427403213393957,-1.1009692708700494,0.3533249211117526,0.08152725890846294,0.9012937316219198,17,-12.961934487817327,-12.619369656159131,-13.759527674090677,-11.705578147721917,-12.309550553867304,-12.671192103931272,0.6833572910731238,16,9.941339597457242,14.497495229587688,0.39489209270632586,12.671192103931272,0.08152725890846294
101.61796307563782,2.276000711164252,0.30153636932373046,0.01655904781949508,18,1.0,2,"{'max_depth': 18, 'max_features': 1.0, 'min_samples_leaf': 2}",-9.656649738417451,-10.026639289264255,-10.24544036570413,-9.933265587401227,-9.874204346841916,-9.947239865525795,0.19245773364974358,27,-13.98096590289808,-15.237009770986427,-15.021262609263493,-14.009438644331713,-14.343765542989807,-14.518488494093901,0.5191618305428728,28,-0.4044095439444277,-0.368755676657584,-0.41570996978851965,-0.37601687255197347,-0.40867992766726946,-0.39471439812195486,0.018725910285541908,13,0.7549629884382263,-0.7973403217270318,1.1736712748765508,-1.0059611857031086,0.4081527203492174,0.10669709524677082,0.8607961621235157,11,-12.87261005923045,-12.514111038495663,-13.73446930607633,-11.870882736072138,-12.57996340300154,-12.714407308575225,0.6058518058124491,31,9.947239865525795,14.518488494093901,0.39471439812195486,12.714407308575225,0.10669709524677082
95.97793006896973,1.0761576917572395,0.26859750747680666,0.011031070866455404,18,1.0,4,"{'max_depth': 18, 'max_features': 1.0, 'min_samples_leaf': 4}",-9.638683909598932,-10.004266968121417,-10.228826416549829,-9.934632954803734,-9.850306909999437,-9.931343431814671,0.19289442870511883,13,-13.964013775460176,-15.231583045124115,-15.021208599656655,-14.006679210157984,-14.334878465618957,-14.511672619203576,0.5223222495312488,26,-0.4025974025974026,-0.36693914623069934,-0.4141993957703928,-0.3766194636938837,-0.40807715491259794,-0.3936865126409953,0.01851474379371472,1,0.768707536041718,-0.7885761806585745,1.1615647866386483,-1.0520897036926087,0.37961370809136546,0.0938440292841097,0.8682122119682233,14,-12.92530873087629,-12.557519253708653,-13.749888724490836,-11.792464420175127,-12.534297123643011,-12.711895650578786,0.6361920874159631,30,9.931343431814671,14.511672619203576,0.3936865126409953,12.711895650578786,0.0938440292841097
87.7297890663147,1.5069988256443156,0.2437427520751953,0.009209846845860672,18,1.0,6,"{'max_depth': 18, 'max_features': 1.0, 'min_samples_leaf': 6}",-9.683213306107504,-10.030079607082524,-10.25671045957051,-9.958982913740078,-9.859957195324654,-9.957788696365053,0.18949631657436622,32,-14.01226810344439,-15.256536242503369,-15.051351379362151,-14.052638732930152,-14.34935189114297,-14.544429269876607,0.5152038409272767,33,-0.4028994261552401,-0.368755676657584,-0.41450151057401813,-0.37872853269056944,-0.40717299578059074,-0.3944116283716005,0.017565226584149333,9,0.749523541596903,-0.8165967761875084,1.1654502069414883,-1.0799843960805104,0.3582891286677185,0.0753363409876182,0.8778666861522424,21,-12.947073351855058,-12.492665759624892,-13.778189433729853,-11.722114590338945,-12.547794708736749,-12.6975675688571,0.6702121940021225,28,9.957788696365053,14.544429269876607,0.3944116283716005,12.6975675688571,0.0753363409876182
72.41353187561035,1.3519986543581946,0.3118566036224365,0.0067927047410187265,22,0.7,2,"{'max_depth': 22, 'max_features': 0.7, 'min_samples_leaf': 2}",-9.674316855715382,-10.078744338618863,-10.245262482487261,-9.979468915810147,-9.784394900728705,-9.952437498672072,0.20397058279977598,30,-13.923443841763532,-15.222508955868234,-14.956087845622687,-13.97363780927434,-14.20067509157315,-14.455270708820388,0.532747844109772,5,-0.4019933554817276,-0.36905843172873143,-0.41570996978851965,-0.3769207592648388,-0.41470765521398434,-0.39567803429556037,0.019306614415642687,23,0.7142187807656061,-0.8356241131695876,1.1766758922608573,-1.1168980622773308,0.3441107514167072,0.05649664979925042,0.8880153618382269,34,-12.921277795788335,-12.522570182386774,-13.737869193465215,-11.756543830086098,-12.211621276823577,-12.629976455709999,0.6725659081245076,10,9.952437498672072,14.455270708820388,0.39567803429556037,12.629976455709999,0.05649664979925042
66.71810340881348,3.1449356996357953,0.30089492797851564,0.041604319063373876,22,0.7,4,"{'max_depth': 22, 'max_features': 0.7, 'min_samples_leaf': 4}",-9.632710653981494,-10.075487321178032,-10.201398543377577,-9.976270364408109,-9.754673960201272,-9.928108168629297,0.20787830909040503,6,-13.896729042638443,-15.215515763098423,-14.92682187735016,-13.980465347079194,-14.158865772905408,-14.435679560614327,0.5336063702937027,2,-0.40471156750226517,-0.36603088101725706,-0.4169184290030212,-0.3733052124133775,-0.4159132007233273,-0.39537585813184967,0.021546514122680313,20,0.7263069864070045,-0.8648178298185412,1.2395673337309077,-1.1693536038028918,0.39140238480322426,0.06462105426394073,0.9286186694670718,28,-12.798025151987433,-12.581820235715634,-13.72086849754677,-11.795866314951056,-12.197348301711925,-12.618785700382563,0.6485191615229549,7,9.928108168629297,14.435679560614327,0.39537585813184967,12.618785700382563,0.06462105426394073
62.39210758209229,1.9087580267737845,0.29024538993835447,0.04097209964433103,22,0.7,6,"{'max_depth': 22, 'max_features': 0.7, 'min_samples_leaf': 6}",-9.679370449778357,-10.094154543218293,-10.23558837733629,-9.952283529115146,-9.781422167655723,-9.948563813420762,0.20198762039139007,28,-13.95371848173041,-15.240745950225701,-14.97987002233006,-13.963705568698247,-14.226495773895545,-14.472907159375993,0.5359383298452604,12,-0.40380549682875266,-0.36693914623069934,-0.41842900302114805,-0.3769207592648388,-0.4141048824593128,-0.3960398575609503,0.020495440623889766,27,0.7486495893290412,-0.8728051343781463,1.2455077351335238,-1.1635197243723174,0.35212276364982387,0.06199104587238504,0.930817776937989,30,-12.912181880884294,-12.565229825659653,-13.71928813439534,-11.658635918441826,-12.23548110701303,-12.61816337327883,0.6883114464139464,6,9.948563813420762,14.472907159375993,0.3960398575609503,12.61816337327883,0.06199104587238504
88.6720549106598,2.00421393705148,0.34005184173583985,0.036760695283063353,22,0.85,2,"{'max_depth': 22, 'max_features': 0.85, 'min_samples_leaf': 2}",-9.63981862503927,-10.013173709987706,-10.250875744784995,-9.97286792811998,-9.793767070261383,-9.934100615638666,0.2070735787887631,16,-13.913628137428422,-15.200885252145417,-15.024150742707379,-13.993706018962497,-14.204086022957439,-14.467291234840228,0.5382110105569873,8,-0.4022953790395651,-0.36603088101725706,-0.4151057401812689,-0.3766194636938837,-0.4104882459312839,-0.39410794197265175,0.019341273161359064,5,0.727205310176935,-0.8120541296228548,1.159238733172555,-1.0560907846511969,0.35537251737038134,0.07473432928916394,0.8655385820089606,22,-12.884840934497317,-12.568775009902856,-13.743624061877544,-11.837913335669155,-12.362277955859836,-12.679486259561342,0.6317725666413493,19,9.934100615638666,14.467291234840228,0.39410794197265175,12.679486259561342,0.07473432928916394
79.2881293296814,1.6789283098106118,0.27690443992614744,0.021604709965022117,22,0.85,4,"{'max_depth': 22, 'max_features': 0.85, 'min_samples_leaf': 4}",-9.635980679656505,-10.036146268528507,-10.216588024551195,-9.955943375203827,-9.80789117176325,-9.930509903940656,0.19770149797819317,11,-13.924322226018685,-15.217763765946847,-14.9717667287352,-14.005315577549332,-14.276619094587652,-14.479157478567544,0.5218415895123106,18,-0.4059196617336152,-0.3678474114441417,-0.41570996978851965,-0.3769207592648388,-0.41229656419529837,-0.39573887328528273,0.019538195086369527,24,0.717097427765403,-0.8154086074806344,1.204708545383094,-1.0631509729365427,0.37561069775668315,0.0837714180976006,0.8794006746023202,16,-12.752619647944172,-12.533373042979889,-13.737097255262533,-11.796633886141134,-12.349729240887113,-12.633890614642969,0.6360836066469873,11,9.930509903940656,14.479157478567544,0.39573887328528273,12.633890614642969,0.0837714180976006
76.53180274963378,1.917847696238978,0.25859270095825193,0.014618661454065221,22,0.85,6,"{'max_depth': 22, 'max_features': 0.85, 'min_samples_leaf': 6}",-9.636735074283088,-10.056279763822083,-10.263099364043809,-9.931794179161384,-9.763564497792155,-9.930294575820504,0.21936710935441875,8,-13.93166353094117,-15.256963504033294,-15.031711527804807,-13.989714129852796,-14.223074877670225,-14.48662551406046,0.5504365622993549,20,-0.40712775596496525,-0.36845292158643655,-0.4175226586102719,-0.3754142814100633,-0.40807715491259794,-0.39531895449686694,0.01956120487778506,18,0.7296297275648762,-0.8190009703002357,1.2315974109982866,-1.1251888913777928,0.3471103012370127,0.07282951562442941,0.9033237760904111,25,-12.731095644999483,-12.535222619146532,-13.765356847101785,-11.729182564267154,-12.38819017104091,-12.629809569311174,0.6600275927872258,9,9.930294575820504,14.48662551406046,0.39531895449686694,12.629809569311174,0.07282951562442941
104.93022990226746,4.7008936761188584,0.3375584125518799,0.01906266969973432,22,1.0,2,"{'max_depth': 22, 'max_features': 1.0, 'min_samples_leaf': 2}",-9.658942820494428,-10.039772541458296,-10.259088696726128,-9.957212361122426,-9.899013816560787,-9.962806047272412,0.19500812711598334,35,-13.979461422115318,-15.249439509419346,-15.023293335201515,-14.030309641007861,-14.363626536695515,-14.529226088887913,0.5179559513079558,32,-0.4022953790395651,-0.36815016651528915,-0.416012084592145,-0.3766194636938837,-0.4077757685352622,-0.3941705724752291,0.018510907265004053,6,0.7239071028628938,-0.8012947783623633,1.14805872889086,-1.0572759720095153,0.37370412063371644,0.0774198404031183,0.861588272055243,20,-12.904510546635168,-12.547159560652085,-13.71011546070887,-11.815555550186302,-12.596037736737387,-12.714675770983963,0.6127791206082732,32,9.962806047272412,14.529226088887913,0.3941705724752291,12.714675770983963,0.0774198404031183
94.67093443870544,3.642333649794079,0.281843376159668,0.028686162816194318,22,1.0,4,"{'max_depth': 22, 'max_features': 1.0, 'min_samples_leaf': 4}",-9.642304331816247,-10.003978012336264,-10.229885459175765,-9.944387959660897,-9.857949788174299,-9.935701110232694,0.19152470626208287,17,-13.965801403907442,-15.222874257385994,-15.024373719395845,-14.00734059417621,-14.337606632973168,-14.511599321567733,0.5198644639035156,25,-0.4019933554817276,-0.36754465637299427,-0.41389728096676737,-0.3769207592648388,-0.4089813140446052,-0.3938674732261867,0.01830701038408231,3,0.7566667064020008,-0.7961868355295638,1.151721014824576,-1.0767557382182043,0.3622172641409103,0.07953248232394385,0.8708497534179931,18,-12.93425736571774,-12.526084949337944,-13.749312930270488,-11.763257930842645,-12.494662593803193,-12.693515153994401,0.6489405939293507,25,9.935701110232694,14.511599321567733,0.3938674732261867,12.693515153994401,0.07953248232394385
89.82475733757019,3.0401634399661863,0.25720791816711425,0.025344824207545764,22,1.0,6,"{'max_depth': 22, 'max_features': 1.0, 'min_samples_leaf': 6}",-9.686203497218264,-10.032700332996045,-10.256112029025555,-9.967138811785688,-9.861144256501923,-9.960659785505495,0.1885489014333306,34,-14.013180527027664,-15.258547881523448,-15.048610291250082,-14.057947413616848,-14.347728199606411,-14.54520286260489,0.5141482346325872,35,-0.4028994261552401,-0.36905843172873143,-0.4148036253776435,-0.37812594154865925,-0.40807715491259794,-0.3945929159445744,0.0177902597965261,11,0.7432838683038051,-0.8206786253778117,1.1612724358539648,-1.0928424650377218,0.3447481055928535,0.06715666386701799,0.8792205420140877,27,-12.943040729851413,-12.480437941043078,-13.762397151766645,-11.734577519863146,-12.504856298903425,-12.68506192828554,0.6640737762448572,20,9.960659785505495,14.54520286260489,0.3945929159445744,12.68506192828554,0.06715666386701799
73.52269234657288,1.475901014572293,0.34246482849121096,0.01837926622758069,,0.7,2,"{'max_depth': None, 'max_features': 0.7, 'min_samples_leaf': 2}",-9.647088199366213,-10.051919296242943,-10.20478578254608,-9.987284150844635,-9.7923431768263,-9.936684121165234,0.19617243208422372,19,-13.914141018581413,-15.173658491336443,-14.891662307370451,-13.972445069258502,-14.170627554544314,-14.424506888218223,0.511615135666628,1,-0.40410752038659015,-0.3651226158038147,-0.41963746223564957,-0.3769207592648388,-0.4144062688366486,-0.3960389253055084,0.021357316995258266,26,0.6950050618196197,-0.8406894163236889,1.1844163801346843,-1.1421036733818442,0.3701184490837899,0.05334936026651218,0.8966371159064483,36,-12.79621479364211,-12.613885693770023,-13.570287674036477,-11.733474822021986,-12.261471881734426,-12.595066973041003,0.6075354681455192,4,9.936684121165234,14.424506888218223,0.3960389253055084,12.595066973041003,0.05334936026651218
65.52548213005066,2.0661889659053623,0.2786830425262451,0.0031422488211374296,,0.7,4,"{'max_depth': None, 'max_features': 0.7, 'min_samples_leaf': 4}",-9.655826226890374,-10.090953451021011,-10.209672676097863,-9.96416503490996,-9.785636983868073,-9.941250874557458,0.2003342687400484,22,-13.920863261196299,-15.247974656483814,-14.96244838043418,-13.9936439780249,-14.207848908365253,-14.46655583690089,0.5375648936914099,7,-0.4053156146179402,-0.36633363608840447,-0.4190332326283988,-0.3772220548357939,-0.4138034960819771,-0.3963416068505029,0.02081535899228493,29,0.7065762931106003,-0.8798233917068471,1.282879143116231,-1.174582441245216,0.3567030217713943,0.05835052500923249,0.9390394233046067,32,-12.783127698853658,-12.572050655336646,-13.71317466532035,-11.650409196634703,-12.255019715481339,-12.59475638632534,0.6773583052692721,3,9.941250874557458,14.46655583690089,0.3963416068505029,12.59475638632534,0.05835052500923249
62.81421270370483,1.5746599440462448,0.25106005668640136,0.007955726314594928,,0.7,6,"{'max_depth': None, 'max_features': 0.7, 'min_samples_leaf': 6}",-9.678158004643013,-10.108020397308302,-10.229935306273664,-9.960176497767849,-9.78579508874852,-9.952417058948269,0.20212367264613018,29,-13.950694274839735,-15.252126261838557,-14.974932472703625,-13.970158131106581,-14.237189288150761,-14.477020085727853,0.5366848313609883,15,-0.40320144971307764,-0.36693914623069934,-0.4199395770392749,-0.37481169026815303,-0.4128993369499699,-0.395558240040235,0.020990730086974496,22,0.7484800882105446,-0.8808350362020522,1.243158417988005,-1.1986237747718622,0.36719404952821477,0.055874748950570007,0.9420675284998423,35,-12.929812256718401,-12.57318203289354,-13.660410153707238,-11.687939504671897,-12.294751080584748,-12.629219005715164,0.6564643966879278,8,9.952417058948269,14.477020085727853,0.395558240040235,12.629219005715164,0.055874748950570007
91.5585325717926,2.626829162619972,0.3304928779602051,0.02558426403989468,,0.85,2,"{'max_depth': None, 'max_features': 0.85, 'min_samples_leaf': 2}",-9.630964485431791,-10.02972592377179,-10.254782380423089,-9.946316883745627,-9.816744205064355,-9.935706775687331,0.20870140048233707,18,-13.898072695222126,-15.219273407868043,-15.017592899658814,-13.981484974755752,-14.239525379375197,-14.471189871375987,0.544082322285424,9,-0.4044095439444277,-0.3672419013018468,-0.41450151057401813,-0.37842723711961435,-0.4125979505726341,-0.3954356287025082,0.01909322365270562,21,0.689197987904798,-0.800203802404074,1.1690617146839957,-1.0986118642942986,0.32392797383281097,0.0566744019446464,0.8692344569878201,33,-12.759543670357521,-12.565998172661818,-13.780220100147396,-11.69010070046137,-12.2888058033531,-12.616933689396241,0.6845224037166603,5,9.935706775687331,14.471189871375987,0.3954356287025082,12.616933689396241,0.0566744019446464
80.31372637748719,4.218479500988651,0.27004413604736327,0.011508148744390668,,0.85,4,"{'max_depth': None, 'max_features': 0.85, 'min_samples_leaf': 4}",-9.637109379990502,-10.036349346645427,-10.224379404727392,-9.95355204220459,-9.77729924142454,-9.92573788299849,0.2037330237855247,3,-13.93683161532641,-15.214144437829358,-14.983102343916935,-14.01950017750986,-14.23979797577867,-14.478675310072244,0.5209338236467019,17,-0.4083358501963153,-0.36845292158643655,-0.4178247734138973,-0.3766194636938837,-0.41229656419529837,-0.3967059146171662,0.020129714745159358,32,0.7267992881071066,-0.8248347126938856,1.1863197486903634,-1.1351012376097742,0.3633396390110708,0.06330454510097616,0.8962563517586135,29,-12.690422189375438,-12.500259998332764,-13.654885827119585,-11.707375288180076,-12.297748466844062,-12.570138353970385,0.6347573748213606,1,9.92573788299849,14.478675310072244,0.3967059146171662,12.570138353970385,0.06330454510097616
73.16704721450806,1.6404724243604718,0.2448718547821045,0.0058457152641613564,,0.85,6,"{'max_depth': None, 'max_features': 0.85, 'min_samples_leaf': 6}",-9.630799956059187,-10.05779317733996,-10.265339210060334,-9.933437084603904,-9.771766095650309,-9.931827104742737,0.22060699841588569,14,-13.932142430397851,-15.264282991679698,-15.031963805393762,-13.990734292831227,-14.22778126666996,-14.489380957394498,0.551809202518221,21,-0.4035034732709151,-0.36815016651528915,-0.4151057401812689,-0.3769207592648388,-0.4074743821579265,-0.39423090427804774,0.01831379271858693,7,0.7384759519167949,-0.8168298208451057,1.2383317074879412,-1.1030175241283835,0.337435415186734,0.07887914592359618,0.8994913924212544,19,-12.84905409105856,-12.550535348068465,-13.856313950904218,-11.713893893372605,-12.40470806692208,-12.674901070065186,0.6982938572182059,18,9.931827104742737,14.489380957394498,0.39423090427804774,12.674901070065186,0.07887914592359618
101.68789649009705,2.7980775920165755,0.2764333724975586,0.02822043726385264,,1.0,2,"{'max_depth': None, 'max_features': 1.0, 'min_samples_leaf': 2}",-9.664200001973485,-10.03423765196858,-10.259800290246288,-9.975102452506038,-9.897078250854698,-9.966083729509817,0.1933345564546135,36,-13.979748895077083,-15.239594698094596,-15.033471710220866,-14.03012457696361,-14.350044720758952,-14.526596920223023,0.5180706734313892,31,-0.4019933554817276,-0.368755676657584,-0.4163141993957704,-0.3751129858391082,-0.4074743821579265,-0.39393011990642335,0.018640530839340908,4,0.7018623486316021,-0.8066229740561418,1.138692294549469,-1.0773784887068998,0.34790798425616076,0.06089223293483807,0.8605947447720994,31,-12.893325485669964,-12.511827291110336,-13.689771573176326,-11.86005856861419,-12.571325565124937,-12.705261696739152,0.5957099579383118,29,9.966083729509817,14.526596920223023,0.39393011990642335,12.705261696739152,0.06089223293483807
90.14878611564636,1.654100227575879,0.23199710845947266,0.009537226376927848,,1.0,4,"{'max_depth': None, 'max_features': 1.0, 'min_samples_leaf': 4}",-9.648395167412653,-10.01026799096273,-10.229839455494412,-9.947718219909808,-9.859598977724541,-9.93916396230083,0.18999909442409071,21,-13.97170465149255,-15.23462123188412,-15.020830737103738,-14.00890254583447,-14.339633152118083,-14.515138463686592,0.5207259079928843,27,-0.4028994261552401,-0.368755676657584,-0.41389728096676737,-0.3757155769810184,-0.4077757685352622,-0.39380874585917447,0.01809025411608015,2,0.7527625931878399,-0.7941422986003313,1.149729451104854,-1.086860764932809,0.3520997738523488,0.07471775092238046,0.8713803055439892,23,-12.907883562724226,-12.496249245432264,-13.746851489358965,-11.791975097461373,-12.521218203153039,-12.692835519625975,0.6382544151088788,24,9.93916396230083,14.515138463686592,0.39380874585917447,12.692835519625975,0.07471775092238046
84.87529330253601,1.2915472780100041,0.21047358512878417,0.013065222892287788,,1.0,6,"{'max_depth': None, 'max_features': 1.0, 'min_samples_leaf': 6}",-9.686425618688856,-10.033171702638176,-10.256157655932938,-9.965145972537277,-9.860833293383278,-9.960346848636105,0.18855572786797906,33,-14.013627346683133,-15.259437050895794,-15.048121225153626,-14.05446009055243,-14.347304672249068,-14.544590077106813,0.5149019651889588,34,-0.4028994261552401,-0.36845292158643655,-0.4151057401812689,-0.377523350406749,-0.4074743821579265,-0.3942911640975242,0.01805502890420699,8,0.7437322128057258,-0.8206064639027407,1.1602852952093594,-1.091210811851283,0.3440555700005641,0.06725116045232507,0.8785552023045062,26,-12.943872781138893,-12.501685695786007,-13.751246786128458,-11.752829528458426,-12.522123242865232,-12.694351606875404,0.6530750068937459,26,9.960346848636105,14.544590077106813,0.3942911640975242,12.694351606875404,0.06725116045232507
